"Project_Git_URL","Git_SHA","TestMethod","Minutes","Thread","SleepyLines","Failure"
"No Project_Git_URL","NO_GIT_SHA","org.java_websocket.issues.Issue256Test#runReconnectScenario2","0.0","AlreadyFailsStably","AlreadyFailsStably","FAILURE_THAT_COULD_NOT_BE_LOGGED"
